   2.2556483e-01
   2.1986849e-01
   2.2019646e-01
   2.1520619e-01
   1.9313076e-01
   2.1038230e-01
   2.0778457e-01
   1.9166884e-01
   2.1744474e-01
   2.0158073e-01
   2.1067142e-01
   2.0297454e-01
   1.9583804e-01
   1.9213271e-01
   1.9723891e-01
   1.9289506e-01
   2.0837526e-01
   2.0590695e-01
   1.8394971e-01
   1.7982517e-01
   1.8549867e-01
   1.8680763e-01
   1.7634176e-01
   1.9055061e-01
   1.7856519e-01
   1.8516374e-01
   1.8660103e-01
   1.8498990e-01
   1.7082691e-01
   1.8965739e-01
   1.7536254e-01
   1.6778499e-01
   1.7206086e-01
   1.7665345e-01
   1.8361369e-01
   1.7928740e-01
   1.7387015e-01
   1.7244666e-01
   1.7914479e-01
   1.7762051e-01
   1.9213654e-01
   1.7208325e-01
   1.7502377e-01
   1.6320879e-01
   1.6485278e-01
   1.7356421e-01
   1.6536956e-01
   1.6773931e-01
   1.7628931e-01
   1.8137244e-01
   1.5790436e-01
   1.7187185e-01
   1.7389963e-01
   1.6518242e-01
   1.7091822e-01
   1.8031498e-01
   1.6360664e-01
   1.6652016e-01
   1.6658309e-01
   1.5871382e-01
   1.7109581e-01
   1.6526521e-01
   1.6887037e-01
   1.6841400e-01
   1.6648738e-01
   1.6399471e-01
   1.7249418e-01
   1.8222559e-01
   1.7723897e-01
   1.7348213e-01
   1.8957388e-01
   1.7107681e-01
   1.7721906e-01
   1.8667043e-01
   1.5861781e-01
   1.7473275e-01
   1.8031095e-01
   1.7797811e-01
   1.8169174e-01
   1.7829247e-01
   1.8800869e-01
   1.7949495e-01
   1.8737144e-01
   1.8877130e-01
   1.8870743e-01
   1.9266832e-01
   1.9437874e-01
   1.9855567e-01
   1.9186416e-01
   1.8768298e-01
   2.0078977e-01
   1.9810303e-01
   2.0266264e-01
   2.1673290e-01
   2.2703795e-01
   2.0816633e-01
   2.2815113e-01
   2.2256738e-01
   2.6208261e-01
   2.3470120e-01
   2.2739513e-01
   2.5723607e-01
   2.4484046e-01
   2.5660686e-01
   2.3801182e-01
   2.4731035e-01
   2.4599274e-01
   2.4464977e-01
   2.4628359e-01
   2.5211423e-01
   2.6310034e-01
   2.6354002e-01
   2.4195868e-01
   2.9020670e-01
   2.5784359e-01
   2.6787099e-01
   2.5076705e-01
   2.7051244e-01
   2.6880806e-01
   2.7456445e-01
   2.7179738e-01
   2.7582231e-01
   2.8811586e-01
   2.6613080e-01
   2.8063723e-01
   2.6135770e-01
   2.6822163e-01
   2.6647916e-01
   2.7806184e-01
   2.6504882e-01
   2.6664351e-01
   2.8010799e-01
   2.6293859e-01
   2.5390964e-01
   2.6913977e-01
   2.5688101e-01
   2.6058449e-01
   2.7475806e-01
   2.5990756e-01
   2.4242225e-01
   2.5991727e-01
   2.6848877e-01
   2.6920691e-01
   2.3705001e-01
   2.7279877e-01
   2.8982271e-01
   3.1111652e-01
   2.7657898e-01
   2.7336811e-01
   2.8054833e-01
   2.7386284e-01
   2.6750095e-01
   2.7912536e-01
   2.7398223e-01
   2.6877893e-01
   2.7258796e-01
   2.7761022e-01
   3.0007098e-01
   2.6585023e-01
   2.8193365e-01
   2.7381561e-01
   2.8086353e-01
   2.7766245e-01
   2.7582333e-01
   2.9764456e-01
   2.7695506e-01
   3.0508349e-01
   2.6340917e-01
   2.8155757e-01
   2.7253332e-01
   2.8888476e-01
   2.8261866e-01
   2.7723901e-01
   3.1077951e-01
   2.8589593e-01
   3.0928036e-01
   2.9388699e-01
   2.9253853e-01
   3.0078282e-01
   2.8758883e-01
   2.8757337e-01
   2.9855360e-01
   3.0378449e-01
   2.9334292e-01
   2.9541937e-01
   3.2162315e-01
   2.9462936e-01
   3.0450884e-01
   2.9300726e-01
   2.9344291e-01
   2.9888573e-01
   3.0953231e-01
   2.9411747e-01
   2.8826213e-01
   2.9286067e-01
   3.0257033e-01
   3.3847465e-01
   2.9540061e-01
   3.0444029e-01
   3.1884550e-01
   3.1689436e-01
   3.0649829e-01
   3.3084913e-01
   3.1455937e-01
   3.0720269e-01
   2.6933692e-01
   2.9410775e-01
   3.1429897e-01
   3.2234087e-01
   3.1834989e-01
   3.2326522e-01
   3.5498477e-01
   3.4599585e-01
   3.2173403e-01
   3.2972645e-01
   3.2306650e-01
   3.1915818e-01
   2.9444771e-01
   3.4889031e-01
   3.3604002e-01
   3.3829194e-01
   3.1006408e-01
   3.3060177e-01
   3.3776397e-01
   3.3230362e-01
   3.4993710e-01
   3.3995783e-01
   3.5856413e-01
   3.6228806e-01
   3.4947188e-01
   3.3786939e-01
   3.5981817e-01
   3.2825669e-01
   3.5327291e-01
   3.5555890e-01
   3.4441046e-01
   3.6338387e-01
   3.5331884e-01
   3.2677327e-01
   3.4964016e-01
   3.5179810e-01
   3.2532308e-01
   3.8363127e-01
   3.3739958e-01
   3.3542626e-01
   3.5808570e-01
   3.3556992e-01
   3.4387432e-01
   3.5081477e-01
   3.2909745e-01
   3.1010493e-01
   3.4979037e-01
   3.3210162e-01
   3.5622104e-01
   2.9761600e-01
   3.1243947e-01
   3.0968237e-01
   3.0225265e-01
   3.1214845e-01
   3.1459154e-01
   2.9887862e-01
   3.0234498e-01
   3.0656339e-01
   3.1137140e-01
   2.9495918e-01
   2.9856825e-01
   2.9321381e-01
   2.9406972e-01
   2.7511092e-01
   2.9491610e-01
   2.8651228e-01
   2.7904960e-01
   2.6818944e-01
   2.7597009e-01
   2.7519424e-01
   2.7307681e-01
   2.6145516e-01
   2.6396646e-01
   2.7442768e-01
   2.5090252e-01
   2.5813157e-01
   2.6728374e-01
   2.3780835e-01
   2.2913659e-01
   2.2752819e-01
   2.2564691e-01
   2.2457598e-01
   2.4125281e-01
