   3.0657279e-03
   3.3015531e-03
   3.0657279e-03
   3.0657279e-03
   0.0000000e+00
   3.0657279e-03
   3.0657279e-03
   3.0657279e-03
   3.0657279e-03
   0.0000000e+00
   3.0657279e-03
   2.4525823e-03
   3.0657279e-03
   0.0000000e+00
   0.0000000e+00
   3.0657279e-03
   0.0000000e+00
   3.0657279e-03
   3.0657279e-03
   0.0000000e+00
   3.0657279e-03
   3.0657279e-03
   0.0000000e+00
   3.0657279e-03
   0.0000000e+00
   3.0657279e-03
   3.0657279e-03
   3.0657279e-03
   3.0657279e-03
   0.0000000e+00
   0.0000000e+00
   0.0000000e+00
   3.0657279e-03
   3.0657279e-03
   0.0000000e+00
   0.0000000e+00
   0.0000000e+00
   3.0657279e-03
   0.0000000e+00
   0.0000000e+00
   0.0000000e+00
   0.0000000e+00
   0.0000000e+00
   0.0000000e+00
   3.0657279e-03
   0.0000000e+00
   0.0000000e+00
   3.0657279e-03
   2.8299026e-03
   3.1128929e-03
   3.0657279e-03
   3.0657279e-03
   0.0000000e+00
   0.0000000e+00
   0.0000000e+00
   0.0000000e+00
   0.0000000e+00
   0.0000000e+00
   2.8299026e-03
   3.1443363e-03
   3.0657279e-03
   3.0657279e-03
   3.0657279e-03
   3.0657279e-03
   3.0657279e-03
   3.0657279e-03
   0.0000000e+00
   3.0657279e-03
   3.0657279e-03
   0.0000000e+00
   3.0657279e-03
   3.0657279e-03
   3.0657279e-03
   3.0657279e-03
   3.0657279e-03
   3.0657279e-03
   0.0000000e+00
   2.9871195e-03
   3.1443363e-03
   3.0657279e-03
   3.0657279e-03
   3.0657279e-03
   3.0320385e-03
   2.9713978e-03
   3.1443363e-03
   3.5373783e-03
   4.0090287e-03
   3.5373783e-03
   3.8405822e-03
   3.5373783e-03
   8.8327264e-03
   3.5373783e-03
   8.1528147e-03
   6.6817146e-03
   7.4874507e-03
   1.8764950e-02
   2.9208638e-02
   2.5772328e-02
   2.6223764e-02
   3.6631517e-02
   3.6687666e-02
   3.7597278e-02
   3.8574268e-02
   4.5514267e-02
   5.3161742e-02
   5.5621063e-02
   1.2611933e-01
   2.0246381e-01
   2.2875046e-01
   2.5708577e-01
   2.8075779e-01
   3.0291749e-01
   3.4068883e-01
   3.8808970e-01
   3.2609186e-01
   3.1443363e-03
   2.8299026e-03
   3.3002055e-01
   3.3541602e-01
   5.2359937e-01
   5.6286763e-01
   4.9701850e-01
   3.9889050e-01
   6.3581624e-01
   4.4247549e-01
   4.2002044e-01
   2.6638817e-01
   3.0896248e-01
   4.8737212e-01
   6.0384732e-01
   4.2288904e-01
   4.4492358e-01
   4.6349762e-01
   7.2071332e-01
   5.8841761e-01
   5.0314218e-01
   5.2359487e-01
   4.4777767e-01
   5.6478326e-01
   6.2216982e-01
   6.7034105e-01
   5.7528776e-01
   4.7190199e-01
   2.1425507e-01
   3.2032321e-01
   7.6939662e-01
   9.7672068e-01
   8.1564083e-01
   1.8529124e-01
   2.5392934e-01
   9.3983088e-01
   9.2559585e-01
   8.9623690e-01
   3.4504599e-01
   6.4119305e-01
   2.1963189e-01
   1.8367416e-01
   5.9893317e-01
   2.7729902e-01
   3.1520762e-01
   3.7475996e-01
   8.3129962e-01
   6.2999921e-01
   2.1052454e-01
   2.3471347e-01
   9.7421212e-01
   9.4303136e-01
   2.8226707e-01
   2.4824535e-01
   8.2361051e-01
   1.0000000e+00
   9.4885962e-01
   8.2765219e-01
   3.7191209e-01
   1.6706532e-01
   2.2796438e-01
   8.7525744e-01
   4.5376141e-01
   4.8278865e-01
   4.6524947e-01
   5.2620467e-01
   6.9269728e-01
   5.8356635e-01
   6.8794933e-01
   3.8706779e-01
   4.7441746e-01
   5.9304601e-01
   5.2498063e-01
   8.5459691e-01
   6.7901942e-01
   1.8812564e-01
   1.4213829e-01
   1.9290503e-01
   4.0989792e-01
   2.3036755e-01
   2.3609473e-01
   1.9391571e-01
   2.0553852e-01
   3.0091298e-01
   2.3485048e-01
   1.5107326e-01
   1.0527238e-01
   7.9174387e-02
   2.4393761e-01
   5.4586801e-01
   5.2081093e-01
   5.0103789e-01
   3.2075374e-01
   1.6726746e-01
   2.9934081e-01
   1.3577244e-01
   8.4299655e-02
   2.6850386e-02
   4.0404721e-02
   7.1062000e-02
   5.2353199e-02
   7.6973352e-02
   6.9395501e-02
   9.6373907e-02
   6.1849094e-02
   3.1632023e-02
   2.8265337e-02
   1.8237150e-02
   2.6075531e-02
   1.2380824e-02
   4.0561938e-03
   3.3015531e-03
   0.0000000e+00
   0.0000000e+00
   2.9871195e-03
   3.1128929e-03
   3.0657279e-03
   3.0185628e-03
   3.0657279e-03
   3.0657279e-03
   3.0657279e-03
   3.0657279e-03
   3.0657279e-03
   3.0657279e-03
   3.3015531e-03
   3.0185628e-03
   3.0657279e-03
   3.0657279e-03
   3.0657279e-03
   3.0657279e-03
   3.0657279e-03
   3.0657279e-03
   3.0657279e-03
   0.0000000e+00
   3.1443363e-03
   2.9871195e-03
   3.0994172e-03
   3.0185628e-03
   3.0657279e-03
   3.1128929e-03
   3.0320385e-03
   3.0657279e-03
   3.0657279e-03
   3.0657279e-03
   3.0657279e-03
   3.0919307e-03
   3.0657279e-03
   3.0185628e-03
   3.0657279e-03
   3.0657279e-03
   3.0657279e-03
   3.0657279e-03
   3.0871665e-03
   3.0657279e-03
   3.0320385e-03
   3.0657279e-03
   3.0657279e-03
   3.0994172e-03
   3.0442892e-03
   3.0657279e-03
   3.0657279e-03
   3.0994172e-03
   3.0657279e-03
   2.9871195e-03
   3.0994172e-03
   3.0657279e-03
   3.0320385e-03
   3.0919307e-03
   3.0657279e-03
   3.0657279e-03
   3.0442892e-03
   3.0657279e-03
   0.0000000e+00
